
port web http
36, 80, 81, 82, 83, 84, 85, 86, 87, 88, 89, 90, 311, 383, 555, 591, 593, 631, 801, 808, 818, 901, 972, 1158, 1220, 1414, 1533, 1741, 1830, 1942, 2231, 2301, 2381, 2578, 2809, 2980, 3029, 3037, 3057, 3128, 3443, 3702, 4000, 4343, 4848, 5000, 5117, 5250, 5450, 5600, 5814, 6080, 6173, 6988, 7000, 7001, 7005, 7071, 7144, 7145, 7510, 7770, 7777, 7778, 7779, 8000, 8001, 8008, 8014, 8015, 8020, 8028, 8040, 8080, 8081, 8082, 8085, 8088, 8090, 8118, 8123, 8180, 8181, 8182, 8222, 8243, 8280, 8300, 8333, 8344, 8400, 8443, 8500, 8509, 8787, 8800, 8888, 8899, 8983, 9000, 9002, 9060, 9080, 9090, 9091, 9111, 9290, 9443, 9447, 9710, 9788, 9999, 10000, 11371, 12601, 13014, 15489, 19980, 29991, 33300, 34412, 34443, 34444, 40007, 41080, 44449, 50000, 50002, 51423, 53331, 55252, 55555, 56712, 49153

port ssl https
443, 465, 563, 636, 989, 992, 993, 994, 995, 5061, 7801, 7802, 7900, 7901, 7902, 7903, 7904, 7905, 7906, 7907, 7908, 7909, 7910, 7911, 7912, 7913, 7914, 7915, 7916, 7917, 7918, 7919, 7920
port sip
5060 5061 5600

يعمل مع سكربت dir

	"ports": ["36", "80", "81", "82", "83", "84", "85", "86", "87", "88", "89", "801", "808", "818", "8000", "8001", "8008", "8014", "8015", "8020", "8028", "8040", "8080", "8081", "8082", "8085", "8088", "8090", "8118", "8123", "8180", "8181", "8182", "8222", "8243", "8280", "8300", "8333", "8344", "8400", "8443", "8500", "8509", "8787", "8800", "8888", "8899", "8983", "443"],
  
  
Thanks Mohammad
